[[[0.83529412 0.82352941 0.78823529]
  [0.83921569 0.82745098 0.79215686]
  [0.84313725 0.83137255 0.79607843]
  ...
  [0.91372549 0.92156863 0.90980392]
  [0.94901961 0.95294118 0.93333333]
  [0.91764706 0.92156863 0.90196078]]

 [[0.83529412 0.82352941 0.78823529]
  [0.83921569 0.82745098 0.79215686]
  [0.84313725 0.83137255 0.79607843]
  ...
  [0.9254902  0.93333333 0.92156863]
  [0.94509804 0.94901961 0.92941176]
  [0.90196078 0.90588235 0.88627451]]

 [[0.83529412 0.82352941 0.78823529]
  [0.83921569 0.82745098 0.79215686]
  [0.84313725 0.83137255 0.79607843]
  ...
  [0.93333333 0.94117647 0.92156863]
  [0.92941176 0.93333333 0.91372549]
  [0.8745098  0.87843137 0.85882353]]

 ...

 [[0.45098039 0.41176471 0.41568627]
  [0.4627451  0.42352941 0.42745098]
  [0.47058824 0.43137255 0.43529412]
  ...
  [0.5372549  0.5254902  0.50588235]
  [0.52156863 0.50980392 0.49019608]
  [0.50588235 0.49411765 0.4745098 ]]

 [[0.43921569 0.4        0.40392157]
  [0.45490196 0.41568627 0.41960784]
  [0.47058824 0.43137255 0.43529412]
  ...
  [0.54117647 0.52941176 0.50980392]
  [0.52156863 0.50980392 0.49019608]
  [0.49803922 0.48627451 0.46666667]]

 [[0.43529412 0.39607843 0.4       ]
  [0.45098039 0.41176471 0.41568627]
  [0.47058824 0.43137255 0.43529412]
  ...
  [0.54117647 0.52941176 0.50980392]
  [0.51764706 0.50588235 0.48627451]
  [0.49411765 0.48235294 0.4627451 ]]]
